0,291
0,290
0,272
30,3
30,2
0,289
30,1
30,0
0,7
0,54
0,278
0,276
0,275
0,283
0,12
0,271
0,56
0,319
0,55
0,316
29,52
29,51
29,50
29,49
29,48
29,47
26,3
29,46
29,45
29,44
29,43
29,42
29,41
29,40
29,39
29,38
29,37
29,36
29,35
29,2
29,0
0,53
0,390
14,3
0,52
0,389
13,3
0,1
0,396
0,386
0,0
0,51
0,10
0,388
0,8
0,9
28,3
28,2
0,11
28,1
28,0
0,4
29,194
29,193
29,192
29,131
29,130
29,129
29,128
29,65
29,64
29,63
29,62
29,61
29,60
29,59
29,58
29,57
29,56
29,55
29,54
29,53
29,34
29,33
29,32
29,31
29,30
29,29
29,28
29,27
29,26
29,25
29,24
29,23
29,22
29,21
29,20
29,19
29,18
29,17
29,16
29,15
29,14
29,13
29,12
29,11
29,10
29,9
29,8
29,7
29,6
29,5
29,4
29,3
0,1171
0,1172
0,1173
0,1174
0,1175
0,1176
0,1177
0,1178
0,1179
0,1180
0,1181
0,1182
0,1183
0,1184
0,1185
0,1186
0,1187
0,1188
0,1189
0,1190
0,1191
0,1192
0,1193
0,1194
0,1195
0,1196
0,1197
0,1198
0,1199
0,1200
0,1201
0,1202
0,1203
0,1204
0,1205
0,1206
0,1207
0,1208
0,1209
0,1210
0,1211
0,1212
0,1213
0,1214
0,1215
0,1216
0,1217
0,1218
0,1219
0,1220
0,1221
0,1222
0,1223
0,1224
0,1225
0,1226
0,1227
0,1228
0,1229
0,1230
0,1231
0,1232
0,1233
0,1234
0,1235
0,1236
0,1237
0,1238
0,1239
0,1240
0,1241
0,1242
0,1243
0,1244
0,1245
0,1246
0,1247
0,1248
0,1249
0,1250
0,1251
0,1252
0,1253
0,1254
0,1255
0,1256
0,1257
0,1258
0,1259
0,1260
0,1261
0,1262
0,1263
0,1264
0,1265
0,1266
0,1267
0,1268
0,1269
0,1270
0,1271
0,1272
0,1273
0,1274
0,1275
0,1276
0,1277
0,1278
0,1279
0,1280
0,1281
0,1282
0,1283
0,1284
0,1285
0,1286
0,1287
0,1288
0,1289
0,1290
0,1291
0,1292
0,1293
0,1294
0,1295
0,1296
0,1297
0,1298
0,1299
0,1300
0,1301
0,1302
0,1303
0,1304
0,1305
0,1306
0,1307
0,1308
0,1309
0,1310
0,1311
0,1312
0,1313
0,1314
0,1315
0,1316
0,1317
0,1318
0,1319
0,1320
0,1321
0,1322
0,1323
0,1324
0,1325
0,1326
0,1327
0,1328
0,1329
0,1330
0,1331
0,1332
0,1333
0,1334
